foil                                            
 Alfa =   0.00000 Re =        0.000 Xflap,Yflap =     0.000000    0.000000
#    x        y        Cp  
   1.00003  0.05756  0.05303
   0.98976  0.05810  0.03109
   0.97023  0.05913  0.01535
   0.94745  0.06033  0.00291
   0.92414  0.06157 -0.00466
   0.90301  0.06268 -0.01210
   0.88502  0.06363  0.01273
   0.86954  0.06471 -0.03764
   0.85626  0.06552 -0.07806
   0.84439  0.06590  0.08340
   0.83419  0.06684 -0.04860
   0.82559  0.06760  0.02124
   0.81832  0.06864 -0.26711
   0.81210  0.06903 -0.49800
   0.80584  0.06814  0.20362
   0.79932  0.06793  0.36998
   0.79234  0.06934 -0.02439
   0.78484  0.07071 -0.34391
   0.77603  0.07113 -0.14823
   0.76589  0.07133 -0.05631
   0.75501  0.07171  0.07207
   0.74349  0.07302 -0.18579
   0.73100  0.07377 -0.09860
   0.71747  0.07454 -0.09515
   0.70405  0.07533 -0.07428
   0.69163  0.07630 -0.03434
   0.68044  0.07767 -0.43511
   0.66963  0.07748  0.00827
   0.65818  0.07804 -0.04068
   0.64621  0.07919 -0.09615
   0.63518  0.08048 -0.42252
   0.62469  0.08046 -0.07354
   0.61361  0.08091 -0.10170
   0.60109  0.08177 -0.11837
   0.58802  0.08294 -0.30930
   0.57470  0.08332 -0.15203
   0.56080  0.08394 -0.14656
   0.54602  0.08492 -0.24835
   0.53000  0.08560 -0.20579
   0.51300  0.08634 -0.20335
   0.49512  0.08727 -0.27897
   0.47560  0.08785 -0.22028
   0.45515  0.08865 -0.27175
   0.43582  0.08926 -0.29650
   0.41684  0.08961 -0.25892
   0.39817  0.09011 -0.33190
   0.38109  0.09029 -0.29680
   0.36502  0.09051 -0.35279
   0.35038  0.09048 -0.33439
   0.33735  0.09039 -0.30423
   0.32505  0.09048 -0.39014
   0.31275  0.09035 -0.38968
   0.29982  0.09004 -0.37650
   0.28707  0.08967 -0.34890
   0.27386  0.08941 -0.43774
   0.25948  0.08880 -0.40902
   0.24524  0.08808 -0.39739
   0.23129  0.08741 -0.46109
   0.21659  0.08641 -0.47130
   0.20231  0.08517 -0.40715
   0.18876  0.08413 -0.55486
   0.17516  0.08250 -0.43637
   0.16215  0.08100 -0.51953
   0.14939  0.07923 -0.50968
   0.13732  0.07732 -0.53540
   0.12686  0.07540 -0.50825
   0.11668  0.07338 -0.54494
   0.10597  0.07088 -0.48278
   0.09544  0.06826 -0.51275
   0.08525  0.06534 -0.47824
   0.07455  0.06188 -0.42920
   0.06406  0.05810 -0.41571
   0.05438  0.05407 -0.32240
   0.04530  0.04987 -0.26740
   0.03700  0.04550 -0.19493
   0.02963  0.04100 -0.05629
   0.02293  0.03643  0.03763
   0.01730  0.03194  0.18659
   0.01262  0.02764  0.33645
   0.00880  0.02364  0.46958
   0.00581  0.01991  0.57523
   0.00377  0.01624  0.79344
   0.00206  0.01291  0.88339
   0.00062  0.00969  0.96040
  -0.00035  0.00667  0.99966
  -0.00076  0.00390  0.95488
  -0.00051  0.00137  0.76171
   0.00055 -0.00094  0.61746
   0.00219 -0.00326  0.64941
   0.00377 -0.00590  0.34274
   0.00584 -0.00857  0.06211
   0.00861 -0.01114 -0.05756
   0.01208 -0.01365 -0.15122
   0.01628 -0.01612 -0.18681
   0.02120 -0.01859 -0.27775
   0.02680 -0.02087 -0.21768
   0.03293 -0.02312 -0.30177
   0.04009 -0.02528 -0.20294
   0.04854 -0.02771 -0.30142
   0.05875 -0.03007 -0.22259
   0.07119 -0.03268 -0.21419
   0.08610 -0.03554 -0.23710
   0.10318 -0.03832 -0.19724
   0.12190 -0.04120 -0.21774
   0.14114 -0.04381 -0.20957
   0.16009 -0.04620 -0.21418
   0.17747 -0.04822 -0.23359
   0.19381 -0.04987 -0.20675
   0.21047 -0.05155 -0.23106
   0.22701 -0.05306 -0.25653
   0.24259 -0.05416 -0.19297
   0.25788 -0.05540 -0.25679
   0.27415 -0.05642 -0.22792
   0.29091 -0.05736 -0.21980
   0.30730 -0.05826 -0.24823
   0.32421 -0.05890 -0.20656
   0.34134 -0.05958 -0.21634
   0.35876 -0.06018 -0.23369
   0.37613 -0.06054 -0.19364
   0.39312 -0.06093 -0.21959
   0.40932 -0.06111 -0.17750
   0.42504 -0.06138 -0.21839
   0.44077 -0.06141 -0.18595
   0.45636 -0.06139 -0.15640
   0.47274 -0.06152 -0.20502
   0.49014 -0.06136 -0.17087
   0.50705 -0.06114 -0.13635
   0.52458 -0.06108 -0.18060
   0.54217 -0.06077 -0.15572
   0.55913 -0.06037 -0.11494
   0.57598 -0.06017 -0.15485
   0.59261 -0.05978 -0.14668
   0.60951 -0.05920 -0.08714
   0.62622 -0.05889 -0.12702
   0.64209 -0.05849 -0.14934
   0.65795 -0.05773 -0.05027
   0.67344 -0.05739 -0.08299
   0.68777 -0.05716 -0.19156
   0.70164 -0.05621 -0.00360
   0.71544 -0.05583 -0.05151
   0.72809 -0.05567 -0.12746
   0.73876 -0.05524 -0.16089
   0.74914 -0.05431  0.08272
   0.75969 -0.05416 -0.03982
   0.77113 -0.05409 -0.11863
   0.78296 -0.05361 -0.13341
   0.79399 -0.05267  0.05355
   0.80370 -0.05233  0.07776
   0.81360 -0.05258 -0.22371
   0.82431 -0.05183  0.00543
   0.83677 -0.05125 -0.02459
   0.85042 -0.05065  0.02176
   0.86501 -0.05034 -0.06675
   0.88183 -0.04951  0.02428
   0.90138 -0.04890 -0.00361
   0.92365 -0.04820  0.00391
   0.94735 -0.04746  0.01134
   0.97022 -0.04674  0.02211
   0.98976 -0.04613  0.03515
   1.00003 -0.04580  0.05303
