#      x          Cp  
     1.00000    0.55139
     0.98989    0.31560
     0.97705    0.23025
     0.96290    0.15359
     0.94748    0.08880
     0.93091    0.02935
     0.91336   -0.02626
     0.89502   -0.07902
     0.87608   -0.12951
     0.85670   -0.17817
     0.83699   -0.22533
     0.81707   -0.27132
     0.79700   -0.31641
     0.77682   -0.36086
     0.75657   -0.40492
     0.73627   -0.44878
     0.71595   -0.49265
     0.69563   -0.53672
     0.67530   -0.58116
     0.65499   -0.62612
     0.63471   -0.67176
     0.61446   -0.71822
     0.59426   -0.76567
     0.57411   -0.81423
     0.55402   -0.86407
     0.53401   -0.91532
     0.51409   -0.96816
     0.49428   -1.02277
     0.47458   -1.07937
     0.45503   -1.13824
     0.43565   -1.19984
     0.41647   -1.26452
     0.39754   -1.33790
     0.37888   -1.41099
     0.36048   -1.48017
     0.34232   -1.54954
     0.32441   -1.61929
     0.30676   -1.68977
     0.28939   -1.76115
     0.27233   -1.83353
     0.25561   -1.90700
     0.23928   -1.98156
     0.22337   -2.05724
     0.20794   -2.13399
     0.19305   -2.21177
     0.17874   -2.29049
     0.16508   -2.37005
     0.15209   -2.45033
     0.13983   -2.53122
     0.12831   -2.61259
     0.11753   -2.69436
     0.10749   -2.77644
     0.09818   -2.85877
     0.08955   -2.94133
     0.08157   -3.02409
     0.07420   -3.10704
     0.06740   -3.19015
     0.06111   -3.27340
     0.05530   -3.35670
     0.04994   -3.43991
     0.04497   -3.52285
     0.04037   -3.60521
     0.03611   -3.68657
     0.03217   -3.76633
     0.02851   -3.84373
     0.02513   -3.91772
     0.02200   -3.98697
     0.01911   -4.04977
     0.01644   -4.10397
     0.01400   -4.14693
     0.01176   -4.17546
     0.00973   -4.18581
     0.00789   -4.17370
     0.00625   -4.13452
     0.00481   -4.06357
     0.00356   -3.95656
     0.00250   -3.81025
     0.00164   -3.62319
     0.00096   -3.39645
     0.00046   -3.13414
     0.00015   -2.84306
     0.00001   -2.53434
     0.00003   -2.22229
     0.00023   -1.89760
     0.00060   -1.55814
     0.00117   -1.21241
     0.00195   -0.87044
     0.00293   -0.54357
     0.00413   -0.24184
     0.00554    0.02726
     0.00717    0.25949
     0.00900    0.45377
     0.01105    0.61151
     0.01331    0.73577
     0.01577    0.83051
     0.01845    0.89995
     0.02135    0.94816
     0.02447    0.97883
     0.02782    0.99520
     0.03142    1.00000
     0.03529    0.99552
     0.03943    0.98364
     0.04388    0.96588
     0.04866    0.94350
     0.05380    0.91749
     0.05934    0.88867
     0.06532    0.85771
     0.07178    0.82516
     0.07878    0.79147
     0.08637    0.75706
     0.09461    0.72227
     0.10357    0.68742
     0.11331    0.65284
     0.12388    0.61883
     0.13535    0.58569
     0.14775    0.55372
     0.16109    0.52321
     0.17537    0.49441
     0.19056    0.46750
     0.20661    0.44264
     0.22345    0.41988
     0.24101    0.39920
     0.25920    0.38053
     0.27794    0.36373
     0.29716    0.34864
     0.31680    0.33503
     0.33679    0.32269
     0.35706    0.31132
     0.37755    0.30069
     0.39820    0.28914
     0.41891    0.27798
     0.43970    0.26994
     0.46059    0.26315
     0.48159    0.25745
     0.50269    0.25261
     0.52390    0.24852
     0.54521    0.24507
     0.56662    0.24217
     0.58810    0.23977
     0.60967    0.23781
     0.63130    0.23626
     0.65298    0.23511
     0.67471    0.23433
     0.69647    0.23394
     0.71825    0.23397
     0.74002    0.23443
     0.76178    0.23541
     0.78349    0.23698
     0.80510    0.23925
     0.82657    0.24239
     0.84780    0.24660
     0.86870    0.25214
     0.88909    0.25937
     0.90879    0.26874
     0.92756    0.28090
     0.94518    0.29680
     0.96145    0.31791
     0.97626    0.34869
     0.98959    0.39086
     1.00000    0.55139
