foil                                            
 Alfa =   0.00000 Re =        0.000 Xflap,Yflap =     0.000000    0.000000
#    x        y        Cp  
   1.00003  0.03198  0.14278
   0.99245  0.03267  0.10653
   0.97862  0.03393  0.07870
   0.96228  0.03542  0.05562
   0.94444  0.03704  0.03848
   0.92597  0.03872  0.02310
   0.90741  0.04041  0.01087
   0.88906  0.04208 -0.00102
   0.87079  0.04374 -0.00898
   0.85257  0.04542 -0.02108
   0.83473  0.04707 -0.02291
   0.81749  0.04874 -0.05281
   0.80062  0.05027 -0.03633
   0.78394  0.05192 -0.06797
   0.76703  0.05354 -0.07959
   0.74995  0.05513 -0.07667
   0.73325  0.05676 -0.10828
   0.71658  0.05827 -0.10387
   0.69981  0.05982 -0.11308
   0.68293  0.06141 -0.14530
   0.66614  0.06284 -0.13196
   0.64919  0.06435 -0.14913
   0.63197  0.06587 -0.18028
   0.61507  0.06720 -0.16207
   0.59823  0.06860 -0.18284
   0.58127  0.07000 -0.21493
   0.56475  0.07118 -0.19590
   0.54825  0.07241 -0.21582
   0.53162  0.07364 -0.24350
   0.51534  0.07470 -0.23564
   0.49891  0.07576 -0.24942
   0.48228  0.07680 -0.27013
   0.46558  0.07775 -0.27649
   0.44906  0.07862 -0.28567
   0.43286  0.07943 -0.29896
   0.41650  0.08018 -0.32070
   0.40035  0.08080 -0.31884
   0.38506  0.08134 -0.32478
   0.36989  0.08187 -0.36501
   0.35463  0.08221 -0.36237
   0.33999  0.08244 -0.33950
   0.32511  0.08279 -0.41065
   0.31010  0.08288 -0.41149
   0.29597  0.08279 -0.36752
   0.28220  0.08284 -0.44408
   0.26821  0.08267 -0.44011
   0.25426  0.08236 -0.44722
   0.24085  0.08197 -0.44724
   0.22720  0.08152 -0.49197
   0.21323  0.08085 -0.50466
   0.20010  0.08002 -0.46923
   0.18744  0.07927 -0.57126
   0.17519  0.07818 -0.52899
   0.16398  0.07709 -0.55482
   0.15320  0.07588 -0.56095
   0.14250  0.07454 -0.58815
   0.13257  0.07308 -0.61820
   0.12374  0.07151 -0.52127
   0.11455  0.06993 -0.62879
   0.10509  0.06796 -0.58761
   0.09586  0.06580 -0.60345
   0.08705  0.06341 -0.50664
   0.07808  0.06089 -0.55191
   0.06936  0.05809 -0.51612
   0.06138  0.05519 -0.47642
   0.05388  0.05214 -0.38889
   0.04675  0.04902 -0.37121
   0.04011  0.04575 -0.28752
   0.03407  0.04248 -0.22688
   0.02856  0.03912 -0.08455
   0.02353  0.03591 -0.05875
   0.01921  0.03278  0.00164
   0.01556  0.02965  0.19222
   0.01236  0.02668  0.31325
   0.00952  0.02394  0.38256
   0.00708  0.02136  0.41888
   0.00521  0.01879  0.56035
   0.00381  0.01618  0.75884
   0.00251  0.01377  0.82796
   0.00133  0.01141  0.89908
   0.00036  0.00907  0.96132
  -0.00033  0.00683  0.99746
  -0.00071  0.00471  0.98416
  -0.00073  0.00272  0.89250
  -0.00035  0.00085  0.71097
   0.00052 -0.00091  0.59497
   0.00177 -0.00265  0.61454
   0.00302 -0.00455  0.48154
   0.00433 -0.00659  0.15498
   0.00603 -0.00855 -0.15484
   0.00824 -0.01031 -0.07315
   0.01080 -0.01208 -0.18712
   0.01377 -0.01381 -0.22721
   0.01716 -0.01553 -0.25073
   0.02097 -0.01725 -0.33533
   0.02525 -0.01883 -0.34363
   0.03001 -0.02027 -0.18193
   0.03528 -0.02193 -0.33449
   0.04138 -0.02349 -0.30175
   0.04864 -0.02503 -0.18102
   0.05719 -0.02691 -0.28365
   0.06735 -0.02868 -0.19372
   0.07930 -0.03070 -0.21491
   0.09334 -0.03281 -0.19041
   0.10862 -0.03496 -0.19659
   0.12462 -0.03703 -0.19126
   0.14072 -0.03900 -0.19962
   0.15718 -0.04087 -0.21104
   0.17302 -0.04252 -0.20127
   0.18824 -0.04407 -0.24714
   0.20255 -0.04524 -0.19752
   0.21689 -0.04651 -0.24432
   0.23215 -0.04765 -0.25284
   0.24742 -0.04854 -0.21089
   0.26240 -0.04949 -0.24871
   0.27741 -0.05025 -0.24827
   0.29208 -0.05081 -0.22237
   0.30621 -0.05134 -0.22455
   0.32130 -0.05186 -0.24909
   0.33701 -0.05216 -0.21360
   0.35275 -0.05245 -0.20796
   0.36815 -0.05273 -0.23675
   0.38318 -0.05279 -0.20530
   0.39727 -0.05280 -0.18964
   0.41193 -0.05286 -0.21194
   0.42739 -0.05278 -0.20638
   0.44321 -0.05255 -0.16973
   0.45957 -0.05238 -0.18677
   0.47649 -0.05212 -0.18822
   0.49325 -0.05168 -0.15756
   0.51009 -0.05128 -0.15828
   0.52730 -0.05085 -0.16795
   0.54441 -0.05025 -0.14192
   0.56142 -0.04965 -0.13305
   0.57867 -0.04906 -0.14509
   0.59597 -0.04832 -0.12281
   0.61300 -0.04757 -0.10930
   0.63013 -0.04685 -0.12360
   0.64730 -0.04599 -0.09907
   0.66424 -0.04513 -0.08775
   0.68135 -0.04429 -0.09792
   0.69846 -0.04333 -0.07493
   0.71560 -0.04238 -0.06887
   0.73271 -0.04143 -0.07039
   0.74956 -0.04040 -0.04527
   0.76681 -0.03941 -0.04939
   0.78410 -0.03835 -0.03982
   0.80100 -0.03728 -0.01835
   0.81787 -0.03628 -0.02729
   0.83469 -0.03518  0.00100
   0.85216 -0.03414 -0.00245
   0.87030 -0.03303  0.00989
   0.88869 -0.03192  0.01772
   0.90718 -0.03080  0.02759
   0.92582 -0.02967  0.03905
   0.94434 -0.02855  0.05215
   0.96221 -0.02747  0.06766
   0.97858 -0.02648  0.08720
   0.99243 -0.02565  0.11227
   1.00003 -0.02519  0.14278
