#      x          Cp  
     1.00000    0.52815
     0.98969    0.31860
     0.97656    0.25218
     0.96204    0.19667
     0.94616    0.15282
     0.92905    0.11481
     0.91089    0.08107
     0.89187    0.05054
     0.87221    0.02257
     0.85208   -0.00332
     0.83162   -0.02751
     0.81093   -0.05033
     0.79009   -0.07203
     0.76916   -0.09285
     0.74816   -0.11296
     0.72713   -0.13254
     0.70609   -0.15171
     0.68505   -0.17059
     0.66402   -0.18926
     0.64303   -0.20782
     0.62207   -0.22631
     0.60117   -0.24480
     0.58033   -0.26332
     0.55955   -0.28190
     0.53886   -0.30056
     0.51826   -0.31932
     0.49776   -0.33816
     0.47737   -0.35708
     0.45711   -0.37605
     0.43699   -0.39505
     0.41702   -0.41403
     0.39723   -0.43293
     0.37763   -0.45169
     0.35824   -0.47023
     0.33908   -0.48844
     0.32020   -0.50620
     0.30161   -0.52340
     0.28336   -0.53987
     0.26550   -0.55546
     0.24807   -0.56997
     0.23114   -0.58320
     0.21476   -0.59496
     0.19901   -0.60504
     0.18395   -0.61324
     0.16962   -0.61938
     0.15609   -0.62332
     0.14337   -0.62494
     0.13149   -0.62416
     0.12043   -0.62092
     0.11018   -0.61518
     0.10070   -0.60692
     0.09195   -0.59610
     0.08387   -0.58269
     0.07641   -0.56662
     0.06953   -0.54780
     0.06317   -0.52610
     0.05729   -0.50137
     0.05184   -0.47339
     0.04679   -0.44195
     0.04211   -0.40674
     0.03775   -0.36745
     0.03371   -0.32371
     0.02995   -0.27512
     0.02645   -0.22128
     0.02321   -0.16177
     0.02021   -0.09619
     0.01743   -0.02425
     0.01486    0.05425
     0.01251    0.13923
     0.01037    0.23029
     0.00843    0.32657
     0.00670    0.42658
     0.00517    0.52811
     0.00384    0.62822
     0.00271    0.72333
     0.00179    0.80948
     0.00106    0.88277
     0.00053    0.93985
     0.00019    0.97851
     0.00002    0.99765
