#      x          Cp  
     1.00000    0.12684
     0.98969    0.12525
     0.97656    0.12415
     0.96204    0.12233
     0.94616    0.11450
     0.92905    0.10261
     0.91089    0.08629
     0.89187    0.06542
     0.87221    0.04021
     0.85208    0.01118
     0.83162   -0.02100
     0.81093   -0.05558
     0.79009   -0.09188
     0.76916   -0.12932
     0.74816   -0.16750
     0.72713   -0.20614
     0.70609   -0.24510
     0.68505   -0.28433
     0.66402   -0.32386
     0.64303   -0.36375
     0.62207   -0.40410
     0.60117   -0.44503
     0.58033   -0.48667
     0.55955   -0.52914
     0.53886   -0.57257
     0.51826   -0.61709
     0.49776   -0.66282
     0.47737   -0.70989
     0.45711   -0.75841
     0.43699   -0.80850
     0.41702   -0.86029
     0.39723   -0.91389
     0.37763   -0.96940
     0.35824   -1.02694
     0.33908   -1.08660
     0.32020   -1.14848
     0.30161   -1.21264
     0.28336   -1.27914
     0.26550   -1.34799
     0.24807   -1.41916
     0.23114   -1.49253
     0.21476   -1.56792
     0.19901   -1.64500
     0.18395   -1.72328
     0.16962   -1.80202
     0.15609   -1.88011
     0.14337   -1.95587
     0.13149   -2.02723
     0.12043   -2.09444
     0.11018   -2.17598
     0.10070   -2.37246
     0.09195   -2.67622
     0.08387   -2.72946
     0.07641   -2.78194
     0.06953   -2.83707
     0.06317   -2.89719
     0.05729   -2.96291
     0.05184   -3.03495
     0.04679   -3.11342
     0.04211   -3.19697
     0.03775   -3.28344
     0.03371   -3.37058
     0.02995   -3.45629
     0.02645   -3.53861
     0.02321   -3.61546
     0.02021   -3.68446
     0.01743   -3.74279
     0.01486   -3.78705
     0.01251   -3.81321
     0.01037   -3.81663
     0.00843   -3.79218
     0.00670   -3.73457
     0.00517   -3.63890
     0.00384   -3.50135
     0.00271   -3.32012
     0.00179   -3.09626
     0.00106   -2.83416
     0.00053   -2.54167
     0.00019   -2.22897
     0.00002   -1.91021
