#      x          Cp  
     0.00002    0.95277
     0.00019    0.98583
     0.00053    0.99963
     0.00106    0.99400
     0.00179    0.96919
     0.00271    0.92663
     0.00384    0.86993
     0.00517    0.80199
     0.00670    0.72726
     0.00843    0.64954
     0.01037    0.56918
     0.01251    0.48671
     0.01486    0.40973
     0.01743    0.33415
     0.02021    0.26271
     0.02321    0.19472
     0.02645    0.13034
     0.02995    0.07142
     0.03371    0.01627
     0.03775   -0.03453
     0.04211   -0.08195
     0.04679   -0.12566
     0.05184   -0.16620
     0.05729   -0.20355
     0.06317   -0.23798
     0.06953   -0.26958
     0.07641   -0.29847
     0.08387   -0.32474
     0.09195   -0.34843
     0.10070   -0.36958
     0.11018   -0.38819
     0.12043   -0.40425
     0.13149   -0.41775
     0.14337   -0.42868
     0.15609   -0.43704
     0.16962   -0.44288
     0.18395   -0.44626
     0.19901   -0.44730
     0.21476   -0.44614
     0.23114   -0.44295
     0.24807   -0.43794
     0.26550   -0.43130
     0.28336   -0.42324
     0.30161   -0.41395
     0.32020   -0.40363
     0.33908   -0.39244
     0.35824   -0.38054
     0.37763   -0.36806
     0.39723   -0.35515
     0.41702   -0.34189
     0.43699   -0.32842
     0.45711   -0.31480
     0.47737   -0.30115
     0.49776   -0.28754
     0.51826   -0.27406
     0.53886   -0.26080
     0.55955   -0.24785
     0.58033   -0.23533
     0.60117   -0.22333
     0.62207   -0.21194
     0.64303   -0.20122
     0.66402   -0.19118
     0.68505   -0.18179
     0.70609   -0.17298
     0.72713   -0.16473
     0.74816   -0.08190
     0.76916   -0.04751
     0.79009   -0.07925
     0.81093   -0.00320
     0.83162   -0.05260
     0.85208    0.01437
     0.87221   -0.01786
     0.89187    0.06304
     0.91089    0.07966
     0.92905    0.10091
     0.94616    0.08965
     0.96204    0.09558
     0.97656    0.09203
     0.98969    0.33929
     1.00000    0.37232
