#      x          Cp  
     0.00002   -2.22934
     0.00019   -1.87682
     0.00053   -1.51891
     0.00106   -1.16483
     0.00179   -0.82342
     0.00271   -0.50377
     0.00384   -0.21306
     0.00517    0.04400
     0.00670    0.26530
     0.00843    0.45103
     0.01037    0.60309
     0.01251    0.72444
     0.01486    0.81858
     0.01743    0.88912
     0.02021    0.93953
     0.02321    0.97297
     0.02645    0.99223
     0.02995    0.99972
     0.03371    0.99748
     0.03775    0.98722
     0.04211    0.97037
     0.04679    0.94811
     0.05184    0.92142
     0.05729    0.89112
     0.06317    0.85789
     0.06953    0.82230
     0.07641    0.78487
     0.08387    0.74603
     0.09195    0.70619
     0.10070    0.66574
     0.11018    0.62506
     0.12043    0.58453
     0.13149    0.54454
     0.14337    0.50547
     0.15609    0.46769
     0.16962    0.43154
     0.18395    0.39732
     0.19901    0.36525
     0.21476    0.33550
     0.23114    0.30816
     0.24807    0.28324
     0.26550    0.26071
     0.28336    0.24048
     0.30161    0.22243
     0.32020    0.20642
     0.33908    0.19230
     0.35824    0.17993
     0.37763    0.16916
     0.39723    0.15984
     0.41702    0.15184
     0.43699    0.14504
     0.45711    0.13932
     0.47737    0.13457
     0.49776    0.13072
     0.51826    0.12767
     0.53886    0.12537
     0.55955    0.12374
     0.58033    0.12274
     0.60117    0.12234
     0.62207    0.12250
     0.64303    0.12322
     0.66402    0.12449
     0.68505    0.12633
     0.70609    0.12875
     0.72713    0.13180
     0.74816    0.13554
     0.76916    0.14005
     0.79009    0.14544
     0.81093    0.15186
     0.83162    0.15947
     0.85208    0.16850
     0.87221    0.17925
     0.89187    0.19208
     0.91089    0.20747
     0.92905    0.22605
     0.94616    0.24883
     0.96204    0.27732
     0.97656    0.31649
     0.98969    0.36718
     1.00000    0.54532
