#      x          Cp  
     1.00000    0.32082
     0.98969    0.30135
     0.97656    0.27684
     0.96204    0.24484
     0.94616    0.20595
     0.92905    0.16628
     0.91089    0.12519
     0.89187    0.08554
     0.87221    0.04909
     0.85208    0.01608
     0.83162   -0.01392
     0.81093   -0.04151
     0.79009   -0.06723
     0.76916   -0.09155
     0.74816   -0.11484
     0.72713   -0.13738
     0.70609   -0.15939
     0.68505   -0.18104
     0.66402   -0.20246
     0.64303   -0.22373
     0.62207   -0.24493
     0.60117   -0.26610
     0.58033   -0.28725
     0.55955   -0.30839
     0.53886   -0.32949
     0.51826   -0.35052
     0.49776   -0.37153
     0.47737   -0.39296
     0.45711   -0.41675
     0.43699   -0.44896
     0.41702   -0.49021
     0.39723   -0.52077
     0.37763   -0.48858
     0.35824   -0.50545
     0.33908   -0.52356
     0.32020   -0.54368
     0.30161   -0.56655
     0.28336   -0.59424
     0.26550   -0.62175
     0.24807   -0.65303
     0.23114   -0.67847
     0.21476   -0.70835
     0.19901   -0.73389
     0.18395   -0.75444
     0.16962   -0.77022
     0.15609   -0.78958
     0.14337   -0.80852
     0.13149   -0.82317
     0.12043   -0.83746
     0.11018   -0.84603
     0.10070   -0.84704
     0.09195   -0.85365
     0.08387   -0.85677
     0.07641   -0.85294
     0.06953   -0.84509
     0.06317   -0.83372
     0.05729   -0.81932
     0.05184   -0.80150
     0.04679   -0.78025
     0.04211   -0.75543
     0.03775   -0.72664
     0.03371   -0.69333
     0.02995   -0.65487
     0.02645   -0.61057
     0.02321   -0.55970
     0.02021   -0.50151
     0.01743   -0.43527
     0.01486   -0.36029
     0.01251   -0.27602
     0.01037   -0.18219
     0.00843   -0.07894
     0.00670    0.03301
     0.00517    0.15216
     0.00384    0.27609
     0.00271    0.40144
     0.00179    0.52407
     0.00106    0.63947
     0.00053    0.74312
     0.00019    0.83147
     0.00002    0.90161
