#      x          Cp  
     0.00002   -1.59762
     0.00019   -1.28527
     0.00053   -0.97238
     0.00106   -0.66712
     0.00179   -0.37710
     0.00271   -0.10980
     0.00384    0.12916
     0.00517    0.33641
     0.00670    0.51094
     0.00843    0.65350
     0.01037    0.76650
     0.01251    0.85274
     0.01486    0.91589
     0.01743    0.95901
     0.02021    0.98554
     0.02321    0.99808
     0.02645    0.99923
     0.02995    0.99099
     0.03371    0.97520
     0.03775    0.95319
     0.04211    0.92630
     0.04679    0.89535
     0.05184    0.86129
     0.05729    0.82468
     0.06317    0.78613
     0.06953    0.74608
     0.07641    0.70494
     0.08387    0.66306
     0.09195    0.62080
     0.10070    0.57846
     0.11018    0.53637
     0.12043    0.49485
     0.13149    0.45425
     0.14337    0.41490
     0.15609    0.37712
     0.16962    0.34120
     0.18395    0.30740
     0.19901    0.27591
     0.21476    0.24685
     0.23114    0.22028
     0.24807    0.19617
     0.26550    0.17447
     0.28336    0.15507
     0.30161    0.13784
     0.32020    0.12261
     0.33908    0.10924
     0.35824    0.09756
     0.37763    0.08741
     0.39723    0.07866
     0.41702    0.07114
     0.43699    0.06475
     0.45711    0.05936
     0.47737    0.05487
     0.49776    0.05117
     0.51826    0.04820
     0.53886    0.04586
     0.55955    0.04410
     0.58033    0.04286
     0.60117    0.04211
     0.62207    0.04180
     0.64303    0.04192
     0.66402    0.04244
     0.68505    0.04338
     0.70609    0.04473
     0.72713    0.04652
     0.74816    0.04877
     0.76916    0.05155
     0.79009    0.05491
     0.81093    0.05894
     0.83162    0.06372
     0.85208    0.06937
     0.87221    0.07594
     0.89187    0.08344
     0.91089    0.09169
     0.92905    0.10021
     0.94616    0.10824
     0.96204    0.11499
     0.97656    0.12013
     0.98969    0.12401
     1.00000    0.12684
