#      x          Cp  
     1.00000    0.54532
     0.98969    0.31921
     0.97656    0.24134
     0.96204    0.17275
     0.94616    0.11579
     0.92905    0.06419
     0.91089    0.01643
     0.89187   -0.02852
     0.87221   -0.07127
     0.85208   -0.11228
     0.83162   -0.15192
     0.81093   -0.19051
     0.79009   -0.22836
     0.76916   -0.26572
     0.74816   -0.30283
     0.72713   -0.33990
     0.70609   -0.37713
     0.68505   -0.41470
     0.66402   -0.45277
     0.64303   -0.49149
     0.62207   -0.53101
     0.60117   -0.57146
     0.58033   -0.61297
     0.55955   -0.65567
     0.53886   -0.69969
     0.51826   -0.74514
     0.49776   -0.79216
     0.47737   -0.84086
     0.45711   -0.89136
     0.43699   -0.94380
     0.41702   -0.99829
     0.39723   -1.05496
     0.37763   -1.11396
     0.35824   -1.17541
     0.33908   -1.23945
     0.32020   -1.30621
     0.30161   -1.37581
     0.28336   -1.44838
     0.26550   -1.52401
     0.24807   -1.60277
     0.23114   -1.68470
     0.21476   -1.76977
     0.19901   -1.85792
     0.18395   -1.94901
     0.16962   -2.04285
     0.15609   -2.13921
     0.14337   -2.23784
     0.13149   -2.33846
     0.12043   -2.44086
     0.11018   -2.54482
     0.10070   -2.65020
     0.09195   -2.75689
     0.08387   -2.86482
     0.07641   -2.97395
     0.06953   -3.08425
     0.06317   -3.19568
     0.05729   -3.30815
     0.05184   -3.42154
     0.04679   -3.53563
     0.04211   -3.65007
     0.03775   -3.76435
     0.03371   -3.87775
     0.02995   -3.98926
     0.02645   -4.09753
     0.02321   -4.20075
     0.02021   -4.29656
     0.01743   -4.38195
     0.01486   -4.45316
     0.01251   -4.50561
     0.01037   -4.53392
     0.00843   -4.53201
     0.00670   -4.49347
     0.00517   -4.41214
     0.00384   -4.28291
     0.00271   -4.10282
     0.00179   -3.87209
     0.00106   -3.59477
     0.00053   -3.27905
     0.00019   -2.93604
     0.00002   -2.58041
