NACA 23012                                      
 Alfa =   0.00000 Re =  9000000.000 Xflap,Yflap =     0.000000    0.000000
#    x        y        Cp  
   1.00000  0.00126  0.21354
   0.99387  0.00225  0.19630
   0.98311  0.00398  0.16162
   0.97047  0.00598  0.12948
   0.95624  0.00821  0.10004
   0.94091  0.01056  0.07377
   0.92495  0.01298  0.05039
   0.90866  0.01541  0.02961
   0.89220  0.01782  0.01074
   0.87565  0.02021 -0.00630
   0.85907  0.02257 -0.02197
   0.84246  0.02489 -0.03690
   0.82583  0.02717 -0.05064
   0.80919  0.02942 -0.06389
   0.79255  0.03163 -0.07673
   0.77590  0.03381 -0.08884
   0.75924  0.03595 -0.10074
   0.74258  0.03806 -0.11236
   0.72592  0.04012 -0.12368
   0.70926  0.04215 -0.13494
   0.69260  0.04414 -0.14617
   0.67595  0.04609 -0.15705
   0.65930  0.04801 -0.16799
   0.64265  0.04987 -0.17908
   0.62600  0.05170 -0.19004
   0.60937  0.05348 -0.20092
   0.59274  0.05522 -0.21225
   0.57613  0.05691 -0.22328
   0.55952  0.05855 -0.23453
   0.54293  0.06013 -0.24603
   0.52635  0.06166 -0.25742
   0.50979  0.06314 -0.26917
   0.49325  0.06455 -0.28089
   0.47673  0.06590 -0.29305
   0.46023  0.06719 -0.30507
   0.44375  0.06841 -0.31741
   0.42730  0.06955 -0.33014
   0.41088  0.07062 -0.34290
   0.39449  0.07160 -0.35586
   0.37814  0.07250 -0.36907
   0.36183  0.07331 -0.38270
   0.34556  0.07403 -0.39637
   0.32933  0.07464 -0.41023
   0.31316  0.07515 -0.42460
   0.29705  0.07554 -0.43843
   0.28101  0.07581 -0.45189
   0.26505  0.07596 -0.46426
   0.24918  0.07597 -0.47835
   0.23343  0.07584 -0.52036
   0.21784  0.07556 -0.53936
   0.20249  0.07513 -0.56356
   0.18749  0.07453 -0.59482
   0.17294  0.07372 -0.62845
   0.15887  0.07267 -0.66035
   0.14529  0.07134 -0.68573
   0.13221  0.06971 -0.70546
   0.11963  0.06776 -0.71351
   0.10758  0.06549 -0.71145
   0.09608  0.06291 -0.69624
   0.08518  0.06003 -0.66689
   0.07493  0.05689 -0.62447
   0.06541  0.05355 -0.56817
   0.05667  0.05006 -0.49937
   0.04877  0.04651 -0.42296
   0.04171  0.04298 -0.33673
   0.03548  0.03952 -0.24586
   0.03003  0.03619 -0.15220
   0.02528  0.03300 -0.05679
   0.02116  0.02998  0.04092
   0.01758  0.02710  0.13877
   0.01447  0.02437  0.23678
   0.01177  0.02178  0.33612
   0.00943  0.01930  0.43516
   0.00740  0.01692  0.53376
   0.00566  0.01464  0.63036
   0.00417  0.01243  0.72595
   0.00292  0.01029  0.81527
   0.00191  0.00821  0.89611
   0.00111  0.00618  0.95685
   0.00053  0.00421  0.99449
   0.00016  0.00229  0.99529
   0.00001  0.00043  0.94960
   0.00006 -0.00138  0.85213
   0.00036 -0.00322  0.68762
   0.00092 -0.00507  0.46483
   0.00179 -0.00687  0.21673
   0.00297 -0.00859 -0.02558
   0.00444 -0.01021 -0.20604
   0.00620 -0.01172 -0.33406
   0.00824 -0.01313 -0.41350
   0.01056 -0.01444 -0.44939
   0.01318 -0.01567 -0.45796
   0.01612 -0.01683 -0.45107
   0.01943 -0.01795 -0.42912
   0.02320 -0.01903 -0.40063
   0.02750 -0.02008 -0.36823
   0.03246 -0.02113 -0.33212
   0.03827 -0.02220 -0.29595
   0.04514 -0.02330 -0.25946
   0.05335 -0.02446 -0.22436
   0.06318 -0.02570 -0.19342
   0.07482 -0.02706 -0.16975
   0.08822 -0.02855 -0.14613
   0.10305 -0.03014 -0.13226
   0.11880 -0.03181 -0.13679
   0.13500 -0.03352 -0.14948
   0.15130 -0.03520 -0.16513
   0.16752 -0.03681 -0.18456
   0.18357 -0.03831 -0.20405
   0.19944 -0.03966 -0.22175
   0.21521 -0.04084 -0.23203
   0.23098 -0.04184 -0.23733
   0.24681 -0.04270 -0.23925
   0.26270 -0.04341 -0.23993
   0.27867 -0.04398 -0.23850
   0.29471 -0.04444 -0.23624
   0.31082 -0.04477 -0.23326
   0.32699 -0.04499 -0.22930
   0.34322 -0.04511 -0.22509
   0.35949 -0.04513 -0.21995
   0.37582 -0.04505 -0.21486
   0.39219 -0.04489 -0.20898
   0.40859 -0.04464 -0.20310
   0.42504 -0.04431 -0.19708
   0.44151 -0.04390 -0.19067
   0.45802 -0.04342 -0.18414
   0.47455 -0.04287 -0.17742
   0.49111 -0.04225 -0.17072
   0.50769 -0.04158 -0.16407
   0.52430 -0.04084 -0.15687
   0.54092 -0.04004 -0.15010
   0.55756 -0.03919 -0.14284
   0.57421 -0.03829 -0.13603
   0.59088 -0.03734 -0.12863
   0.60756 -0.03634 -0.12147
   0.62426 -0.03529 -0.11417
   0.64096 -0.03420 -0.10675
   0.65767 -0.03307 -0.09920
   0.67438 -0.03189 -0.09174
   0.69111 -0.03068 -0.08393
   0.70783 -0.02942 -0.07608
   0.72456 -0.02813 -0.06800
   0.74129 -0.02679 -0.05971
   0.75802 -0.02542 -0.05125
   0.77475 -0.02401 -0.04231
   0.79147 -0.02257 -0.03300
   0.80820 -0.02108 -0.02351
   0.82491 -0.01956 -0.01310
   0.84162 -0.01801 -0.00219
   0.85831 -0.01642  0.00952
   0.87498 -0.01479  0.02219
   0.89161 -0.01312  0.03626
   0.90815 -0.01143  0.05181
   0.92453 -0.00971  0.06943
   0.94058 -0.00799  0.08925
   0.95598 -0.00630  0.11207
   0.97030 -0.00470  0.13802
   0.98301 -0.00324  0.16673
   0.99383 -0.00199  0.19842
   1.00000 -0.00126  0.21354
