NACA 23012                                      
 Alfa =   3.00000 Re =  9000000.000 Xflap,Yflap =     0.000000    0.000000
#    x        y        Cp  
   1.00000  0.00126  0.21970
   0.99387  0.00225  0.20202
   0.98311  0.00398  0.16753
   0.97047  0.00598  0.13324
   0.95624  0.00821  0.10034
   0.94091  0.01056  0.07007
   0.92495  0.01298  0.04247
   0.90866  0.01541  0.01763
   0.89220  0.01782 -0.00525
   0.87565  0.02021 -0.02618
   0.85907  0.02257 -0.04564
   0.84246  0.02489 -0.06418
   0.82583  0.02717 -0.08170
   0.80919  0.02942 -0.09846
   0.79255  0.03163 -0.11486
   0.77590  0.03381 -0.13050
   0.75924  0.03595 -0.14603
   0.74258  0.03806 -0.16119
   0.72592  0.04012 -0.17615
   0.70926  0.04215 -0.19104
   0.69260  0.04414 -0.20597
   0.67595  0.04609 -0.22066
   0.65930  0.04801 -0.23536
   0.64265  0.04987 -0.25052
   0.62600  0.05170 -0.26541
   0.60937  0.05348 -0.28040
   0.59274  0.05522 -0.29614
   0.57613  0.05691 -0.31137
   0.55952  0.05855 -0.32732
   0.54293  0.06013 -0.34335
   0.52635  0.06166 -0.35982
   0.50979  0.06314 -0.37660
   0.49325  0.06455 -0.39347
   0.47673  0.06590 -0.41115
   0.46023  0.06719 -0.42920
   0.44375  0.06841 -0.44739
   0.42730  0.06955 -0.46656
   0.41088  0.07062 -0.48592
   0.39449  0.07160 -0.50601
   0.37814  0.07250 -0.52681
   0.36183  0.07331 -0.54860
   0.34556  0.07403 -0.57032
   0.32933  0.07464 -0.59399
   0.31316  0.07515 -0.61823
   0.29705  0.07554 -0.64338
   0.28101  0.07581 -0.67017
   0.26505  0.07596 -0.69829
   0.24918  0.07597 -0.72852
   0.23343  0.07584 -0.75966
   0.21784  0.07556 -0.79339
   0.20249  0.07513 -0.83116
   0.18749  0.07453 -0.88925
   0.17294  0.07372 -0.98204
   0.15887  0.07267 -1.02814
   0.14529  0.07134 -1.07751
   0.13221  0.06971 -1.12409
   0.11963  0.06776 -1.16365
   0.10758  0.06549 -1.19187
   0.09608  0.06291 -1.20814
   0.08518  0.06003 -1.21155
   0.07493  0.05689 -1.19994
   0.06541  0.05355 -1.17519
   0.05667  0.05006 -1.13637
   0.04877  0.04651 -1.08715
   0.04171  0.04298 -1.02931
   0.03548  0.03952 -0.96374
   0.03003  0.03619 -0.89118
   0.02528  0.03300 -0.81753
   0.02116  0.02998 -0.73812
   0.01758  0.02710 -0.65777
   0.01447  0.02437 -0.56954
   0.01177  0.02178 -0.48080
   0.00943  0.01930 -0.38674
   0.00740  0.01692 -0.28294
   0.00566  0.01464 -0.17165
   0.00417  0.01243 -0.06033
   0.00292  0.01029  0.07681
   0.00191  0.00821  0.20746
   0.00111  0.00618  0.35721
   0.00053  0.00421  0.51293
   0.00016  0.00229  0.65836
   0.00001  0.00043  0.79465
   0.00006 -0.00138  0.90409
   0.00036 -0.00322  0.97824
   0.00092 -0.00507  0.99934
   0.00179 -0.00687  0.95934
   0.00297 -0.00859  0.87303
   0.00444 -0.01021  0.76072
   0.00620 -0.01172  0.64878
   0.00824 -0.01313  0.54831
   0.01056 -0.01444  0.46726
   0.01318 -0.01567  0.39959
   0.01612 -0.01683  0.34865
   0.01943 -0.01795  0.30848
   0.02320 -0.01903  0.27802
   0.02750 -0.02008  0.25476
   0.03246 -0.02113  0.23783
   0.03827 -0.02220  0.22503
   0.04514 -0.02330  0.21488
   0.05335 -0.02446  0.20617
   0.06318 -0.02570  0.19805
   0.07482 -0.02706  0.18854
   0.08822 -0.02855  0.17564
   0.10305 -0.03014  0.15906
   0.11880 -0.03181  0.13817
   0.13500 -0.03352  0.11368
   0.15130 -0.03520  0.08686
   0.16752 -0.03681  0.05839
   0.18357 -0.03831  0.03080
   0.19944 -0.03966  0.00553
   0.21521 -0.04084 -0.01312
   0.23098 -0.04184 -0.02681
   0.24681 -0.04270 -0.03713
   0.26270 -0.04341 -0.04550
   0.27867 -0.04398 -0.05192
   0.29471 -0.04444 -0.05678
   0.31082 -0.04477 -0.06075
   0.32699 -0.04499 -0.06359
   0.34322 -0.04511 -0.06563
   0.35949 -0.04513 -0.06657
   0.37582 -0.04505 -0.06733
   0.39219 -0.04489 -0.06717
   0.40859 -0.04464 -0.06665
   0.42504 -0.04431 -0.06576
   0.44151 -0.04390 -0.06440
   0.45802 -0.04342 -0.06270
   0.47455 -0.04287 -0.06061
   0.49111 -0.04225 -0.05844
   0.50769 -0.04158 -0.05601
   0.52430 -0.04084 -0.05316
   0.54092 -0.04004 -0.05040
   0.55756 -0.03919 -0.04722
   0.57421 -0.03829 -0.04414
   0.59088 -0.03734 -0.04069
   0.60756 -0.03634 -0.03729
   0.62426 -0.03529 -0.03365
   0.64096 -0.03420 -0.02979
   0.65767 -0.03307 -0.02593
   0.67438 -0.03189 -0.02209
   0.69111 -0.03068 -0.01816
   0.70783 -0.02942 -0.01428
   0.72456 -0.02813 -0.01090
   0.74129 -0.02679 -0.00950
   0.75802 -0.02542  0.00234
   0.77475 -0.02401  0.01869
   0.79147 -0.02257  0.02322
   0.80820 -0.02108  0.02676
   0.82491 -0.01956  0.03174
   0.84162 -0.01801  0.03806
   0.85831 -0.01642  0.04526
   0.87498 -0.01479  0.05358
   0.89161 -0.01312  0.06336
   0.90815 -0.01143  0.07458
   0.92453 -0.00971  0.08759
   0.94058 -0.00799  0.10293
   0.95598 -0.00630  0.12107
   0.97030 -0.00470  0.14320
   0.98301 -0.00324  0.16971
   0.99383 -0.00199  0.20584
   1.00000 -0.00126  0.21970
