NACA 23012                                      
 Alfa =  25.00000 Re =  9000000.000 Xflap,Yflap =     0.000000    0.000000
#    x        y        Cp  
   1.00000  0.00126 -0.43806
   0.99387  0.00225 -0.43938
   0.98311  0.00398 -0.44172
   0.97047  0.00598 -0.44449
   0.95624  0.00821 -0.44765
   0.94091  0.01056 -0.45111
   0.92495  0.01298 -0.45478
   0.90866  0.01541 -0.45860
   0.89220  0.01782 -0.46254
   0.87565  0.02021 -0.46658
   0.85907  0.02257 -0.47072
   0.84246  0.02489 -0.47496
   0.82583  0.02717 -0.47931
   0.80919  0.02942 -0.48377
   0.79255  0.03163 -0.48835
   0.77590  0.03381 -0.49305
   0.75924  0.03595 -0.49787
   0.74258  0.03806 -0.50284
   0.72592  0.04012 -0.50795
   0.70926  0.04215 -0.51321
   0.69260  0.04414 -0.51864
   0.67595  0.04609 -0.52424
   0.65930  0.04801 -0.53003
   0.64265  0.04987 -0.53601
   0.62600  0.05170 -0.54221
   0.60937  0.05348 -0.54864
   0.59274  0.05522 -0.55531
   0.57613  0.05691 -0.56224
   0.55952  0.05855 -0.56945
   0.54293  0.06013 -0.57698
   0.52635  0.06166 -0.58483
   0.50979  0.06314 -0.59305
   0.49325  0.06455 -0.60167
   0.47673  0.06590 -0.61072
   0.46023  0.06719 -0.62024
   0.44375  0.06841 -0.63029
   0.42730  0.06955 -0.64092
   0.41088  0.07062 -0.65220
   0.39449  0.07160 -0.66420
   0.37814  0.07250 -0.67702
   0.36183  0.07331 -0.69074
   0.34556  0.07403 -0.70550
   0.32933  0.07464 -0.72145
   0.31316  0.07515 -0.73874
   0.29705  0.07554 -0.75758
   0.28101  0.07581 -0.77823
   0.26505  0.07596 -0.80095
   0.24918  0.07597 -0.82607
   0.23343  0.07584 -0.85396
   0.21784  0.07556 -0.88494
   0.20249  0.07513 -0.91924
   0.18749  0.07453 -0.95682
   0.17294  0.07372 -0.99744
   0.15887  0.07267 -1.04071
   0.14529  0.07134 -1.08627
   0.13221  0.06971 -1.13355
   0.11963  0.06776 -1.17662
   0.10758  0.06549 -1.28927
   0.09608  0.06291 -1.69612
   0.08518  0.06003 -2.13446
   0.07493  0.05689 -2.53540
   0.06541  0.05355 -2.90366
   0.05667  0.05006 -3.25160
   0.04877  0.04651 -3.58933
   0.04171  0.04298 -3.91966
   0.03548  0.03952 -4.24987
   0.03003  0.03619 -4.57917
   0.02528  0.03300 -4.91699
   0.02116  0.02998 -5.26560
   0.01758  0.02710 -5.62383
   0.01447  0.02437 -5.99928
   0.01177  0.02178 -6.38993
   0.00943  0.01930 -6.79235
   0.00740  0.01692 -7.19821
   0.00566  0.01464 -7.60594
   0.00417  0.01243 -8.54684
   0.00292  0.01029 -8.91332
   0.00191  0.00821 -9.26495
   0.00111  0.00618 -9.67659
   0.00053  0.00421-10.01850
   0.00016  0.00229-10.19678
   0.00001  0.00043-10.19806
   0.00006 -0.00138 -9.97334
   0.00036 -0.00322 -9.42489
   0.00092 -0.00507 -8.44707
   0.00179 -0.00687 -7.11450
   0.00297 -0.00859 -5.58750
   0.00444 -0.01021 -4.14928
   0.00620 -0.01172 -2.88728
   0.00824 -0.01313 -1.89303
   0.01056 -0.01444 -1.11835
   0.01318 -0.01567 -0.53633
   0.01612 -0.01683 -0.09942
   0.01943 -0.01795  0.22608
   0.02320 -0.01903  0.46871
   0.02750 -0.02008  0.64702
   0.03246 -0.02113  0.77864
   0.03827 -0.02220  0.87198
   0.04514 -0.02330  0.93581
   0.05335 -0.02446  0.97571
   0.06318 -0.02570  0.99572
   0.07482 -0.02706  0.99964
   0.08822 -0.02855  0.99091
   0.10305 -0.03014  0.97313
   0.11880 -0.03181  0.94918
   0.13500 -0.03352  0.92170
   0.15130 -0.03520  0.89189
   0.16752 -0.03681  0.86066
   0.18357 -0.03831  0.82888
   0.19944 -0.03966  0.79703
   0.21521 -0.04084  0.76644
   0.23098 -0.04184  0.73714
   0.24681 -0.04270  0.70903
   0.26270 -0.04341  0.68167
   0.27867 -0.04398  0.65526
   0.29471 -0.04444  0.62992
   0.31082 -0.04477  0.60530
   0.32699 -0.04499  0.58136
   0.34322 -0.04511  0.55834
   0.35949 -0.04513  0.53638
   0.37582 -0.04505  0.51454
   0.39219 -0.04489  0.49339
   0.40859 -0.04464  0.47332
   0.42504 -0.04431  0.45329
   0.44151 -0.04390  0.43414
   0.45802 -0.04342  0.41504
   0.47455 -0.04287  0.39647
   0.49111 -0.04225  0.37855
   0.50769 -0.04158  0.36050
   0.52430 -0.04084  0.34308
   0.54092 -0.04004  0.32549
   0.55756 -0.03919  0.30851
   0.57421 -0.03829  0.29127
   0.59088 -0.03734  0.27432
   0.60756 -0.03634  0.25730
   0.62426 -0.03529  0.24052
   0.64096 -0.03420  0.22349
   0.65767 -0.03307  0.20699
   0.67438 -0.03189  0.18948
   0.69111 -0.03068  0.17211
   0.70783 -0.02942  0.15466
   0.72456 -0.02813  0.13729
   0.74129 -0.02679  0.11862
   0.75802 -0.02542  0.10041
   0.77475 -0.02401  0.08155
   0.79147 -0.02257  0.06212
   0.80820 -0.02108  0.04194
   0.82491 -0.01956  0.02061
   0.84162 -0.01801 -0.00033
   0.85831 -0.01642 -0.02329
   0.87498 -0.01479 -0.04717
   0.89161 -0.01312 -0.07270
   0.90815 -0.01143 -0.09967
   0.92453 -0.00971 -0.12978
   0.94058 -0.00799 -0.16085
   0.95598 -0.00630 -0.19692
   0.97030 -0.00470 -0.23357
   0.98301 -0.00324 -0.27693
   0.99383 -0.00199 -0.30771
   1.00000 -0.00126 -0.43806
