#      x          Cp  
     1.00000    0.08795
     0.98989    0.08500
     0.97705    0.08140
     0.96290    0.07756
     0.94748    0.07366
     0.93091    0.07014
     0.91336    0.06804
     0.89502    0.06334
     0.87608    0.04783
     0.85670    0.02471
     0.83699   -0.00555
     0.81707   -0.04198
     0.79700   -0.08327
     0.77682   -0.12804
     0.75657   -0.17499
     0.73627   -0.22312
     0.71595   -0.27175
     0.69563   -0.32047
     0.67530   -0.36912
     0.65499   -0.41767
     0.63471   -0.46620
     0.61446   -0.51485
     0.59426   -0.56377
     0.57411   -0.61315
     0.55402   -0.66314
     0.53401   -0.71395
     0.51409   -0.76574
     0.49428   -0.81872
     0.47458   -0.87309
     0.45503   -0.92912
     0.43565   -0.98718
     0.41647   -1.04769
     0.39754   -1.11341
     0.37888   -1.17927
     0.36048   -1.24266
     0.34232   -1.30559
     0.32441   -1.36821
     0.30676   -1.43066
     0.28939   -1.49284
     0.27233   -1.55454
     0.25561   -1.61527
     0.23928   -1.67426
     0.22337   -1.73050
     0.20794   -1.78415
     0.19305   -1.84459
     0.17874   -1.95870
     0.16508   -2.14726
     0.15209   -2.19134
     0.13983   -2.24013
     0.12831   -2.29175
     0.11753   -2.34601
     0.10749   -2.40267
     0.09818   -2.46126
     0.08955   -2.52121
     0.08157   -2.58195
     0.07420   -2.64302
     0.06740   -2.70405
     0.06111   -2.76472
     0.05530   -2.82479
     0.04994   -2.88397
     0.04497   -2.94196
     0.04037   -2.99839
     0.03611   -3.05280
     0.03217   -3.10457
     0.02851   -3.15294
     0.02513   -3.19694
     0.02200   -3.23533
     0.01911   -3.26658
     0.01644   -3.28883
     0.01400   -3.29982
     0.01176   -3.29689
     0.00973   -3.27697
     0.00789   -3.23671
     0.00625   -3.17255
     0.00481   -3.08106
     0.00356   -2.95934
     0.00250   -2.80553
     0.00164   -2.61939
     0.00096   -2.40285
     0.00046   -2.16028
     0.00015   -1.89816
