#      x          Cp  
     0.00001   -1.62741
     0.00003   -1.35645
     0.00023   -1.07830
     0.00060   -0.79399
     0.00117   -0.51121
     0.00195   -0.23844
     0.00293    0.01541
     0.00413    0.24295
     0.00554    0.43935
     0.00717    0.60240
     0.00900    0.73272
     0.01105    0.83230
     0.01331    0.90492
     0.01577    0.95407
     0.01845    0.98395
     0.02135    0.99789
     0.02447    0.99917
     0.02782    0.99038
     0.03142    0.97382
     0.03529    0.95112
     0.03943    0.92393
     0.04388    0.89319
     0.04866    0.86000
     0.05380    0.82494
     0.05934    0.78867
     0.06532    0.75161
     0.07178    0.71415
     0.07878    0.67661
     0.08637    0.63925
     0.09461    0.60231
     0.10357    0.56604
     0.11331    0.53064
     0.12388    0.49635
     0.13535    0.46340
     0.14775    0.43202
     0.16109    0.40242
     0.17537    0.37477
     0.19056    0.34920
     0.20661    0.32580
     0.22345    0.30455
     0.24101    0.28540
     0.25920    0.26822
     0.27794    0.25285
     0.29716    0.23907
     0.31680    0.22665
     0.33679    0.21535
     0.35706    0.20485
     0.37755    0.19485
     0.39820    0.18419
     0.41891    0.17373
     0.43970    0.16554
     0.46059    0.15871
     0.48159    0.15295
     0.50269    0.14800
     0.52390    0.14369
     0.54521    0.13989
     0.56662    0.13650
     0.58810    0.13344
     0.60967    0.13063
     0.63130    0.12803
     0.65298    0.12559
     0.67471    0.12327
     0.69647    0.12105
     0.71825    0.11891
     0.74002    0.11683
     0.76178    0.11481
     0.78349    0.11286
     0.80510    0.11099
     0.82657    0.10921
     0.84780    0.10756
     0.86870    0.10607
     0.88909    0.10478
     0.90879    0.10372
     0.92756    0.10294
     0.94518    0.10243
     0.96145    0.10226
     0.97626    0.10188
     0.98959    0.10343
     1.00000    0.08795
