#      x          Cp  
     1.00000    0.27749
     0.98989    0.25026
     0.97705    0.21157
     0.96290    0.17027
     0.94748    0.12788
     0.93091    0.08622
     0.91336    0.04636
     0.89502    0.00881
     0.87608   -0.02635
     0.85670   -0.05922
     0.83699   -0.09002
     0.81707   -0.11898
     0.79700   -0.14630
     0.77682   -0.17214
     0.75657   -0.19661
     0.73627   -0.21976
     0.71595   -0.24152
     0.69563   -0.26175
     0.67530   -0.28024
     0.65499   -0.29733
     0.63471   -0.31667
     0.61446   -0.35522
     0.59426   -0.43992
     0.57411   -0.47631
     0.55402   -0.48923
     0.53401   -0.50286
     0.51409   -0.51739
     0.49428   -0.53308
     0.47458   -0.55020
     0.45503   -0.56888
     0.43565   -0.58916
     0.41647   -0.61093
     0.39754   -0.63441
     0.37888   -0.65783
     0.36048   -0.67946
     0.34232   -0.69935
     0.32441   -0.71736
     0.30676   -0.73342
     0.28939   -0.74745
     0.27233   -0.75934
     0.25561   -0.76897
     0.23928   -0.77619
     0.22337   -0.78087
     0.20794   -0.78286
     0.19305   -0.78204
     0.17874   -0.77832
     0.16508   -0.77163
     0.15209   -0.76195
     0.13983   -0.74931
     0.12831   -0.73376
     0.11753   -0.71538
     0.10749   -0.69428
     0.09818   -0.67054
     0.08955   -0.64425
     0.08157   -0.61548
     0.07420   -0.58425
     0.06740   -0.55056
     0.06111   -0.51437
     0.05530   -0.47560
     0.04994   -0.43415
     0.04497   -0.38986
     0.04037   -0.34258
     0.03611   -0.29209
     0.03217   -0.23818
     0.02851   -0.18062
     0.02513   -0.11919
     0.02200   -0.05367
     0.01911    0.01610
     0.01644    0.09019
     0.01400    0.16857
     0.01176    0.25102
     0.00973    0.33703
     0.00789    0.42580
     0.00625    0.51604
     0.00481    0.60600
     0.00356    0.69339
     0.00250    0.77540
     0.00164    0.84892
     0.00096    0.91070
     0.00046    0.95783
     0.00015    0.98801
