#      x          Cp  
     1.00000    0.55139
     0.98989    0.31560
     0.97705    0.23025
     0.96290    0.15359
     0.94748    0.08880
     0.93091    0.02935
     0.91336   -0.02626
     0.89502   -0.07902
     0.87608   -0.12951
     0.85670   -0.17817
     0.83699   -0.22533
     0.81707   -0.27132
     0.79700   -0.31641
     0.77682   -0.36086
     0.75657   -0.40492
     0.73627   -0.44878
     0.71595   -0.49265
     0.69563   -0.53672
     0.67530   -0.58116
     0.65499   -0.62612
     0.63471   -0.67176
     0.61446   -0.71822
     0.59426   -0.76567
     0.57411   -0.81423
     0.55402   -0.86407
     0.53401   -0.91532
     0.51409   -0.96816
     0.49428   -1.02277
     0.47458   -1.07937
     0.45503   -1.13824
     0.43565   -1.19984
     0.41647   -1.26452
     0.39754   -1.33790
     0.37888   -1.41099
     0.36048   -1.48017
     0.34232   -1.54954
     0.32441   -1.61929
     0.30676   -1.68977
     0.28939   -1.76115
     0.27233   -1.83353
     0.25561   -1.90700
     0.23928   -1.98156
     0.22337   -2.05724
     0.20794   -2.13399
     0.19305   -2.21177
     0.17874   -2.29049
     0.16508   -2.37005
     0.15209   -2.45033
     0.13983   -2.53122
     0.12831   -2.61259
     0.11753   -2.69436
     0.10749   -2.77644
     0.09818   -2.85877
     0.08955   -2.94133
     0.08157   -3.02409
     0.07420   -3.10704
     0.06740   -3.19015
     0.06111   -3.27340
     0.05530   -3.35670
     0.04994   -3.43991
     0.04497   -3.52285
     0.04037   -3.60521
     0.03611   -3.68657
     0.03217   -3.76633
     0.02851   -3.84373
     0.02513   -3.91772
     0.02200   -3.98697
     0.01911   -4.04977
     0.01644   -4.10397
     0.01400   -4.14693
     0.01176   -4.17546
     0.00973   -4.18581
     0.00789   -4.17370
     0.00625   -4.13452
     0.00481   -4.06357
     0.00356   -3.95656
     0.00250   -3.81025
     0.00164   -3.62319
     0.00096   -3.39645
     0.00046   -3.13414
     0.00015   -2.84306
