#      x          Cp  
     0.00001   -2.53434
     0.00003   -2.22229
     0.00023   -1.89760
     0.00060   -1.55814
     0.00117   -1.21241
     0.00195   -0.87044
     0.00293   -0.54357
     0.00413   -0.24184
     0.00554    0.02726
     0.00717    0.25949
     0.00900    0.45377
     0.01105    0.61151
     0.01331    0.73577
     0.01577    0.83051
     0.01845    0.89995
     0.02135    0.94816
     0.02447    0.97883
     0.02782    0.99520
     0.03142    1.00000
     0.03529    0.99552
     0.03943    0.98364
     0.04388    0.96588
     0.04866    0.94350
     0.05380    0.91749
     0.05934    0.88867
     0.06532    0.85771
     0.07178    0.82516
     0.07878    0.79147
     0.08637    0.75706
     0.09461    0.72227
     0.10357    0.68742
     0.11331    0.65284
     0.12388    0.61883
     0.13535    0.58569
     0.14775    0.55372
     0.16109    0.52321
     0.17537    0.49441
     0.19056    0.46750
     0.20661    0.44264
     0.22345    0.41988
     0.24101    0.39920
     0.25920    0.38053
     0.27794    0.36373
     0.29716    0.34864
     0.31680    0.33503
     0.33679    0.32269
     0.35706    0.31132
     0.37755    0.30069
     0.39820    0.28914
     0.41891    0.27798
     0.43970    0.26994
     0.46059    0.26315
     0.48159    0.25745
     0.50269    0.25261
     0.52390    0.24852
     0.54521    0.24507
     0.56662    0.24217
     0.58810    0.23977
     0.60967    0.23781
     0.63130    0.23626
     0.65298    0.23511
     0.67471    0.23433
     0.69647    0.23394
     0.71825    0.23397
     0.74002    0.23443
     0.76178    0.23541
     0.78349    0.23698
     0.80510    0.23925
     0.82657    0.24239
     0.84780    0.24660
     0.86870    0.25214
     0.88909    0.25937
     0.90879    0.26874
     0.92756    0.28090
     0.94518    0.29680
     0.96145    0.31791
     0.97626    0.34869
     0.98959    0.39086
     1.00000    0.55139
