#      x          Cp  
     0.00001    0.99983
     0.00003    0.99293
     0.00023    0.96612
     0.00060    0.91833
     0.00117    0.85023
     0.00195    0.76399
     0.00293    0.66357
     0.00413    0.55373
     0.00554    0.43964
     0.00717    0.32593
     0.00900    0.21640
     0.01105    0.11372
     0.01331    0.01952
     0.01577   -0.06543
     0.01845   -0.14100
     0.02135   -0.20752
     0.02447   -0.26553
     0.02782   -0.31574
     0.03142   -0.35887
     0.03529   -0.39564
     0.03943   -0.42671
     0.04388   -0.45269
     0.04866   -0.47410
     0.05380   -0.49142
     0.05934   -0.50502
     0.06532   -0.51525
     0.07178   -0.52238
     0.07878   -0.52664
     0.08637   -0.52822
     0.09461   -0.52727
     0.10357   -0.52393
     0.11331   -0.51830
     0.12388   -0.51052
     0.13535   -0.50069
     0.14775   -0.48895
     0.16109   -0.47549
     0.17537   -0.46051
     0.19056   -0.44425
     0.20661   -0.42697
     0.22345   -0.40896
     0.24101   -0.39051
     0.25920   -0.37188
     0.27794   -0.35332
     0.29716   -0.33509
     0.31680   -0.31739
     0.33679   -0.30041
     0.35706   -0.28435
     0.37755   -0.26938
     0.39820   -0.25598
     0.41891   -0.24345
     0.43970   -0.23055
     0.46059   -0.21772
     0.48159   -0.20516
     0.50269   -0.19305
     0.52390   -0.18157
     0.54521   -0.17085
     0.56662   -0.16106
     0.58810   -0.15275
     0.60967   -0.13475
     0.63130   -0.09080
     0.65298   -0.06206
     0.67471   -0.04673
     0.69647   -0.03548
     0.71825   -0.02455
     0.74002   -0.01300
     0.76178   -0.00067
     0.78349    0.01247
     0.80510    0.02647
     0.82657    0.04141
     0.84780    0.05746
     0.86870    0.07480
     0.88909    0.09369
     0.90879    0.11438
     0.92756    0.13716
     0.94518    0.16231
     0.96145    0.19007
     0.97626    0.22020
     0.98959    0.25390
     1.00000    0.27749
