#      x          Cp  
     1.00000    0.52808
     0.98989    0.30519
     0.97705    0.23046
     0.96290    0.16631
     0.94748    0.11438
     0.93091    0.06849
     0.91336    0.02706
     0.89502   -0.01096
     0.87608   -0.04620
     0.85670   -0.07914
     0.83699   -0.11014
     0.81707   -0.13951
     0.79700   -0.16753
     0.77682   -0.19442
     0.75657   -0.22039
     0.73627   -0.24560
     0.71595   -0.27019
     0.69563   -0.29430
     0.67530   -0.31803
     0.65499   -0.34146
     0.63471   -0.36468
     0.61446   -0.38776
     0.59426   -0.41076
     0.57411   -0.43371
     0.55402   -0.45667
     0.53401   -0.47968
     0.51409   -0.50277
     0.49428   -0.52599
     0.47458   -0.54939
     0.45503   -0.57306
     0.43565   -0.59723
     0.41647   -0.62200
     0.39754   -0.65119
     0.37888   -0.67818
     0.36048   -0.70040
     0.34232   -0.72062
     0.32441   -0.73880
     0.30676   -0.75505
     0.28939   -0.76930
     0.27233   -0.78147
     0.25561   -0.79143
     0.23928   -0.79902
     0.22337   -0.80412
     0.20794   -0.80657
     0.19305   -0.80625
     0.17874   -0.80306
     0.16508   -0.79695
     0.15209   -0.78788
     0.13983   -0.77587
     0.12831   -0.76099
     0.11753   -0.74330
     0.10749   -0.72291
     0.09818   -0.69990
     0.08955   -0.67436
     0.08157   -0.64634
     0.07420   -0.61587
     0.06740   -0.58295
     0.06111   -0.54753
     0.05530   -0.50952
     0.04994   -0.46881
     0.04497   -0.42525
     0.04037   -0.37866
     0.03611   -0.32882
     0.03217   -0.27549
     0.02851   -0.21844
     0.02513   -0.15741
     0.02200   -0.09217
     0.01911   -0.02252
     0.01644    0.05167
     0.01400    0.13039
     0.01176    0.21348
     0.00973    0.30049
     0.00789    0.39066
     0.00625    0.48278
     0.00481    0.57513
     0.00356    0.66545
     0.00250    0.75093
     0.00164    0.82843
     0.00096    0.89464
     0.00046    0.94651
     0.00015    0.98166
