#      x          Cp  
     0.00001    0.99849
     0.00003    0.99659
     0.00023    0.97485
     0.00060    0.93207
     0.00117    0.86869
     0.00195    0.78681
     0.00293    0.69015
     0.00413    0.58348
     0.00554    0.47188
     0.00717    0.36006
     0.00900    0.25185
     0.01105    0.15001
     0.01331    0.05626
     0.01577   -0.02857
     0.01845   -0.10427
     0.02135   -0.17110
     0.02447   -0.22958
     0.02782   -0.28037
     0.03142   -0.32416
     0.03529   -0.36166
     0.03943   -0.39349
     0.04388   -0.42027
     0.04866   -0.44250
     0.05380   -0.46064
     0.05934   -0.47507
     0.06532   -0.48614
     0.07178   -0.49410
     0.07878   -0.49919
     0.08637   -0.50159
     0.09461   -0.50146
     0.10357   -0.49890
     0.11331   -0.49405
     0.12388   -0.48699
     0.13535   -0.47786
     0.14775   -0.46678
     0.16109   -0.45392
     0.17537   -0.43946
     0.19056   -0.42365
     0.20661   -0.40673
     0.22345   -0.38897
     0.24101   -0.37065
     0.25920   -0.35202
     0.27794   -0.33334
     0.29716   -0.31484
     0.31680   -0.29675
     0.33679   -0.27929
     0.35706   -0.26278
     0.37755   -0.24741
     0.39820   -0.23580
     0.41891   -0.22538
     0.43970   -0.21133
     0.46059   -0.19680
     0.48159   -0.18192
     0.50269   -0.16694
     0.52390   -0.15197
     0.54521   -0.13707
     0.56662   -0.12227
     0.58810   -0.10760
     0.60967   -0.09306
     0.63130   -0.07862
     0.65298   -0.06427
     0.67471   -0.04996
     0.69647   -0.03562
     0.71825   -0.02119
     0.74002   -0.00656
     0.76178    0.00836
     0.78349    0.02374
     0.80510    0.03972
     0.82657    0.05654
     0.84780    0.07443
     0.86870    0.09372
     0.88909    0.11477
     0.90879    0.13809
     0.92756    0.16433
     0.94518    0.19451
     0.96145    0.23019
     0.97626    0.27674
     0.98959    0.33436
     1.00000    0.52808
